25 600
0 1 2636
0 2 2068
0 3 1994
0 4 3635
0 5 2842
0 6 2516
0 7 1882
0 8 1129
0 9 1294
0 10 462
0 11 1105
0 12 3123
0 13 1509
0 14 3254
0 15 415
0 16 2957
0 17 2670
0 18 3214
0 19 1855
0 20 79
0 21 4535
0 22 1141
0 23 441
0 24 2191
1 0 2636
1 2 3341
1 3 1876
1 4 1204
1 5 1906
1 6 3226
1 7 3840
1 8 1441
1 9 3780
1 10 297
1 11 2044
1 12 2439
1 13 1848
1 14 2531
1 15 4281
1 16 1278
1 17 464
1 18 584
1 19 2647
1 20 3498
1 21 3158
1 22 1563
1 23 2769
1 24 1731
2 0 2068
2 1 3341
2 3 2719
2 4 1378
2 5 4195
2 6 3727
2 7 2172
2 8 4966
2 9 1746
2 10 2920
2 11 1902
2 12 4846
2 13 127
2 14 3346
2 15 2009
2 16 2689
2 17 3699
2 18 1893
2 19 3455
2 20 1362
2 21 2417
2 22 2127
2 23 4909
2 24 2774
3 0 1994
3 1 1876
3 2 2719
3 4 1135
3 5 2341
3 6 441
3 7 2748
3 8 971
3 9 4449
3 10 1160
3 11 2389
3 12 1221
3 13 2947
3 14 4796
3 15 1544
3 16 668
3 17 3425
3 18 4875
3 19 571
3 20 613
3 21 1593
3 22 1574
3 23 3118
3 24 1008
4 0 3635
4 1 1204
4 2 1378
4 3 1135
4 5 4087
4 6 3865
4 7 4501
4 8 1986
4 9 3011
4 10 3352
4 11 4450
4 12 114
4 13 4348
4 14 1332
4 15 1561
4 16 3075
4 17 3062
4 18 273
4 19 3814
4 20 2154
4 21 3350
4 22 4632
4 23 4404
4 24 1474
5 0 2842
5 1 1906
5 2 4195
5 3 2341
5 4 4087
5 6 141
5 7 482
5 8 1219
5 9 1919
5 10 1020
5 11 244
5 12 97
5 13 3262
5 14 3890
5 15 3272
5 16 4013
5 17 3097
5 18 1990
5 19 4030
5 20 4380
5 21 2805
5 22 4605
5 23 4636
5 24 2834
6 0 2516
6 1 3226
6 2 3727
6 3 441
6 4 3865
6 5 141
6 7 1669
6 8 4609
6 9 4163
6 10 1560
6 11 3442
6 12 3672
6 13 3360
6 14 2601
6 15 3064
6 16 163
6 17 4119
6 18 2724
6 19 2743
6 20 3114
6 21 840
6 22 1386
6 23 4399
6 24 4339
7 0 1882
7 1 3840
7 2 2172
7 3 2748
7 4 4501
7 5 482
7 6 1669
7 8 4463
7 9 3138
7 10 4651
7 11 2189
7 12 1757
7 13 4634
7 14 2471
7 15 3776
7 16 2840
7 17 3516
7 18 3563
7 19 2763
7 20 445
7 21 4199
7 22 3293
7 23 775
7 24 3023
8 0 1129
8 1 1441
8 2 4966
8 3 971
8 4 1986
8 5 1219
8 6 4609
8 7 4463
8 9 2217
8 10 187
8 11 627
8 12 1969
8 13 324
8 14 3685
8 15 4140
8 16 4952
8 17 417
8 18 174
8 19 1744
8 20 2614
8 21 2146
8 22 1592
8 23 3135
8 24 2514
9 0 1294
9 1 3780
9 2 1746
9 3 4449
9 4 3011
9 5 1919
9 6 4163
9 7 3138
9 8 2217
9 10 2336
9 11 3805
9 12 1505
9 13 116
9 14 1581
9 15 801
9 16 816
9 17 17
9 18 1731
9 19 2540
9 20 3121
9 21 4822
9 22 1232
9 23 1433
9 24 519
10 0 462
10 1 297
10 2 2920
10 3 1160
10 4 3352
10 5 1020
10 6 1560
10 7 4651
10 8 187
10 9 2336
10 11 2215
10 12 253
10 13 2695
10 14 2908
10 15 3683
10 16 3907
10 17 3138
10 18 4969
10 19 1076
10 20 388
10 21 3403
10 22 1795
10 23 1728
10 24 2515
11 0 1105
11 1 2044
11 2 1902
11 3 2389
11 4 4450
11 5 244
11 6 3442
11 7 2189
11 8 627
11 9 3805
11 10 2215
11 12 608
11 13 2577
11 14 1299
11 15 2041
11 16 1414
11 17 2430
11 18 3508
11 19 2458
11 20 3151
11 21 4930
11 22 4066
11 23 3385
11 24 1936
12 0 3123
12 1 2439
12 2 4846
12 3 1221
12 4 114
12 5 97
12 6 3672
12 7 1757
12 8 1969
12 9 1505
12 10 253
12 11 608
12 13 120
12 14 1324
12 15 4392
12 16 3071
12 17 1626
12 18 3899
12 19 3423
12 20 393
12 21 4023
12 22 2792
12 23 4025
12 24 4705
13 0 1509
13 1 1848
13 2 127
13 3 2947
13 4 4348
13 5 3262
13 6 3360
13 7 4634
13 8 324
13 9 116
13 10 2695
13 11 2577
13 12 120
13 14 4194
13 15 2591
13 16 3577
13 17 3835
13 18 2690
13 19 3611
13 20 3166
13 21 2236
13 22 3112
13 23 3662
13 24 1254
14 0 3254
14 1 2531
14 2 3346
14 3 4796
14 4 1332
14 5 3890
14 6 2601
14 7 2471
14 8 3685
14 9 1581
14 10 2908
14 11 1299
14 12 1324
14 13 4194
14 15 4404
14 16 257
14 17 2670
14 18 4292
14 19 4395
14 20 2837
14 21 1709
14 22 4768
14 23 1579
14 24 3583
15 0 415
15 1 4281
15 2 2009
15 3 1544
15 4 1561
15 5 3272
15 6 3064
15 7 3776
15 8 4140
15 9 801
15 10 3683
15 11 2041
15 12 4392
15 13 2591
15 14 4404
15 16 1412
15 17 3381
15 18 1978
15 19 4524
15 20 484
15 21 736
15 22 997
15 23 3470
15 24 925
16 0 2957
16 1 1278
16 2 2689
16 3 668
16 4 3075
16 5 4013
16 6 163
16 7 2840
16 8 4952
16 9 816
16 10 3907
16 11 1414
16 12 3071
16 13 3577
16 14 257
16 15 1412
16 17 2391
16 18 209
16 19 2018
16 20 4037
16 21 4027
16 22 799
16 23 342
16 24 4700
17 0 2670
17 1 464
17 2 3699
17 3 3425
17 4 3062
17 5 3097
17 6 4119
17 7 3516
17 8 417
17 9 17
17 10 3138
17 11 2430
17 12 1626
17 13 3835
17 14 2670
17 15 3381
17 16 2391
17 18 4425
17 19 4650
17 20 2536
17 21 510
17 22 230
17 23 3163
17 24 2428
18 0 3214
18 1 584
18 2 1893
18 3 4875
18 4 273
18 5 1990
18 6 2724
18 7 3563
18 8 174
18 9 1731
18 10 4969
18 11 3508
18 12 3899
18 13 2690
18 14 4292
18 15 1978
18 16 209
18 17 4425
18 19 1934
18 20 4791
18 21 742
18 22 1960
18 23 3810
18 24 1792
19 0 1855
19 1 2647
19 2 3455
19 3 571
19 4 3814
19 5 4030
19 6 2743
19 7 2763
19 8 1744
19 9 2540
19 10 1076
19 11 2458
19 12 3423
19 13 3611
19 14 4395
19 15 4524
19 16 2018
19 17 4650
19 18 1934
19 20 4861
19 21 850
19 22 3022
19 23 757
19 24 997
20 0 79
20 1 3498
20 2 1362
20 3 613
20 4 2154
20 5 4380
20 6 3114
20 7 445
20 8 2614
20 9 3121
20 10 388
20 11 3151
20 12 393
20 13 3166
20 14 2837
20 15 484
20 16 4037
20 17 2536
20 18 4791
20 19 4861
20 21 669
20 22 3184
20 23 567
20 24 2083
21 0 4535
21 1 3158
21 2 2417
21 3 1593
21 4 3350
21 5 2805
21 6 840
21 7 4199
21 8 2146
21 9 4822
21 10 3403
21 11 4930
21 12 4023
21 13 2236
21 14 1709
21 15 736
21 16 4027
21 17 510
21 18 742
21 19 850
21 20 669
21 22 988
21 23 401
21 24 2878
22 0 1141
22 1 1563
22 2 2127
22 3 1574
22 4 4632
22 5 4605
22 6 1386
22 7 3293
22 8 1592
22 9 1232
22 10 1795
22 11 4066
22 12 2792
22 13 3112
22 14 4768
22 15 997
22 16 799
22 17 230
22 18 1960
22 19 3022
22 20 3184
22 21 988
22 23 1116
22 24 4759
23 0 441
23 1 2769
23 2 4909
23 3 3118
23 4 4404
23 5 4636
23 6 4399
23 7 775
23 8 3135
23 9 1433
23 10 1728
23 11 3385
23 12 4025
23 13 3662
23 14 1579
23 15 3470
23 16 342
23 17 3163
23 18 3810
23 19 757
23 20 567
23 21 401
23 22 1116
23 24 878
24 0 2191
24 1 1731
24 2 2774
24 3 1008
24 4 1474
24 5 2834
24 6 4339
24 7 3023
24 8 2514
24 9 519
24 10 2515
24 11 1936
24 12 4705
24 13 1254
24 14 3583
24 15 925
24 16 4700
24 17 2428
24 18 1792
24 19 997
24 20 2083
24 21 2878
24 22 4759
24 23 878
15
